function out1 = dk_dx_fun_test3(in1,in2,in3)
%DK_DX_FUN_TEST3
%    OUT1 = DK_DX_FUN_TEST3(IN1,IN2,IN3)

%    This function was generated by the Symbolic Math Toolbox version 7.2.
%    19-Apr-2018 11:36:57

ry1 = in1(4,:);
v1 = in2(1,:);
v2 = in2(2,:);
x_data1 = in3(1,:);
x_data2 = in3(2,:);
x_data3 = in3(3,:);
out1 = [0.0,0.0,0.0,exp((ry1.*3.894278169204295e1-x_data3).*(ry1.*2.598197514982583e1-x_data3.*6.671833397852687e-1).*(-1.0./2.0)-(v2.*7.873061170512187-x_data2.*7.947375072270726e-1).*(v2.*9.906492519753059-x_data2).*(1.0./2.0)-(v1.*5.929398154224064-x_data1).*(v1.*1.98726297485525-x_data1.*3.351542472214548e-1).*(1.0./2.0)).*(ry1.*1.011810386187752e3-x_data3.*2.598197514982583e1).*(-1.261171762310345)];
