function out1 = dk_dx_fun_test3(in1,in2,in3)
%DK_DX_FUN_TEST3
%    OUT1 = DK_DX_FUN_TEST3(IN1,IN2,IN3)

%    This function was generated by the Symbolic Math Toolbox version 7.1.
%    24-Apr-2018 09:25:20

ry1 = in1(4,:);
v1 = in2(1,:);
v2 = in2(2,:);
x_data1 = in3(1,:);
x_data2 = in3(2,:);
x_data3 = in3(3,:);
out1 = [0.0,0.0,0.0,exp((ry1.*2.705829835066452e1-x_data3.*3.440360116130115e-1).*(ry1.*7.86496106143127e1-x_data3).*(-1.0./2.0)-(v2.*1.996423986468464e1-x_data2.*5.834983029086983e-1).*(v2.*3.421473509890997e1-x_data2).*(1.0./2.0)-(v1.*5.542985982565435-x_data1.*3.896215634827389e-1).*(v1.*1.422658934227854e1-x_data1).*(1.0./2.0)).*(ry1.*2.128124629165664e3-x_data3.*2.705829835066452e1).*(-5.156469932709955e-2)];
