function out1 = dk_dx_fun_test2(in1,in2,in3)
%DK_DX_FUN_TEST2
%    OUT1 = DK_DX_FUN_TEST2(IN1,IN2,IN3)

%    This function was generated by the Symbolic Math Toolbox version 7.2.
%    19-Apr-2018 11:36:56

ry1 = in1(4,:);
v1 = in2(1,:);
v2 = in2(2,:);
x_data1 = in3(1,:);
x_data2 = in3(2,:);
x_data3 = in3(3,:);
out1 = [0.0,0.0,0.0,exp((v2.*3.468422380503301-x_data2.*1.804674564961025e-1).*(v2.*1.921910159230402e1-x_data2).*(-1.0./2.0)-(ry1.*3.719318525768675e1-x_data3).*(ry1.*1.936975946310698e1-x_data3.*5.207878628546292e-1).*(1.0./2.0)-(v1.*8.098243115030686-x_data1).*(v1.*2.146829396190514-x_data1.*2.650981658238818e-1).*(1.0./2.0)).*(ry1.*7.204230521081691e2-x_data3.*1.936975946310698e1).*(-8.818507092069512e-4)];
